0	0.0001
0.025	0.0001
0.05	0.0003
0.075	0.0005
0.1	0.0007
0.125	0.001
0.15	0.0013
0.175	0.0016
0.2	0.0019
0.225	0.0023
0.25	0.0026
0.275	0.0029
0.3	0.0032
0.325	0.0035
0.35	0.0038
0.375	0.0039
0.4	0.0041
0.425	0.0042
0.45	0.0041
0.475	0.0041
0.5	0.004
0.525	0.0037
0.55	0.0033
0.575	0.0027
0.6	0.0019
0.625	0.001
0.65	0
0.675	-0.001
0.7	-0.0021
0.725	-0.0034
0.75	-0.0048
0.775	-0.0062
0.8	-0.0077
0.825	-0.0093
0.85	-0.0108
0.875	-0.0124
0.9	-0.0139
0.925	-0.0153
0.95	-0.016700001
0.975	-0.018
1	-0.019200001
1.025	-0.020200001
1.05	-0.021
1.075	-0.021700001
1.1	-0.0221
1.125	-0.022299999
1.15	-0.022299999
1.175	-0.022
1.2	-0.0215
1.225	-0.0206
1.25	-0.0194
1.275	-0.017700001
1.3	-0.0158
1.325	-0.0137
1.35	-0.0113
1.375	-0.0088
1.4	-0.0059
1.425	-0.0029
1.45	0.0004
1.475	0.0036
1.5	0.0074
1.525	0.011
1.55	0.0146
1.575	0.018200001
1.6	0.0216
1.625	0.0251
1.65	0.0284
1.675	0.0316
1.7	0.0345
1.725	0.037200001
1.75	0.039599998
1.775	0.041599998
1.8	0.043299999
1.825	0.044599998
1.85	0.0455
1.875	0.045900002
1.9	0.045799999
1.925	0.0455
1.95	0.044700001
1.975	0.043299999
2	0.041200001
2.025	0.038599998
2.05	0.035400002
2.075	0.032
2.1	0.028299999
2.125	0.024200001
2.15	0.019700001
2.175	0.015
2.2	0.0099
2.225	0.0046
2.25	-0.0008
2.275	-0.0063
2.3	-0.0117
2.325	-0.0171
2.35	-0.0224
2.375	-0.0274
2.4	-0.032400002
2.425	-0.037099998
2.45	-0.0415
2.475	-0.0455
2.5	-0.049099998
2.525	-0.052200001
2.55	-0.054799999
2.575	-0.056900002
2.6	-0.0585
2.625	-0.0595
2.65	-0.059799999
2.675	-0.059700001
2.7	-0.059099998
2.725	-0.057799999
2.75	-0.055900002
2.775	-0.053200001
2.8	-0.049900002
2.825	-0.046099998
2.85	-0.042
2.875	-0.0375
2.9	-0.032799999
2.925	-0.0276
2.95	-0.022200001
2.975	-0.0165
3	-0.0106
3.025	-0.0047
3.05	0.0012
3.075	0.0071
3.1	0.0124
3.125	0.018200001
3.15	0.024
3.175	0.029
3.2	0.034099998
3.225	0.038799999
3.25	0.043099998
3.275	0.047099998
3.3	0.050599998
3.325	0.053599998
3.35	0.056
3.375	0.058
3.4	0.059400002
3.425	0.060200001
3.45	0.060400002
3.475	0.060099998
3.5	0.059400002
3.525	0.058099998
3.55	0.056200001
3.575	0.053400002
3.6	0.050099998
3.625	0.046400002
3.65	0.042299999
3.675	0.037900002
3.7	0.032900002
3.725	0.027700001
3.75	0.022299999
3.775	0.0166
3.8	0.0108
3.825	0.0052
3.85	-0.001
3.875	-0.0069
3.9	-0.0127
3.925	-0.0184
3.95	-0.0241
3.975	-0.0294
4	-0.0345
4.025	-0.039200001
4.05	-0.0435
4.075	-0.047400002
4.1	-0.050900002
4.125	-0.053900002
4.15	-0.056200001
4.175	-0.058200001
4.2	-0.059599998
4.225	-0.060299999
4.25	-0.0605
4.275	-0.060200001
4.3	-0.059400002
4.325	-0.058
4.35	-0.056
4.375	-0.053200001
4.4	-0.05
4.425	-0.046299999
4.45	-0.042200001
4.475	-0.037700001
4.5	-0.032900002
4.525	-0.027700001
4.55	-0.0225
4.575	-0.016799999
4.6	-0.011
4.625	-0.005
4.65	0.0008
4.675	0.0067
4.7	0.0126
4.725	0.018299999
4.75	0.0239
4.775	0.029200001
4.8	0.034200001
4.825	0.038900002
4.85	0.043200001
4.875	0.047200001
4.9	0.050599998
4.925	0.053599998
4.95	0.056
4.975	0.058
5	0.059299999
5.025	0.060099998
5.05	0.060299999
5.075	0.060099998
5.1	0.0595
5.125	0.058200001
5.15	0.056200001
5.175	0.053400002
5.2	0.049799999
5.225	0.046
5.25	0.041900002
5.275	0.0375
5.3	0.032700001
5.325	0.0276
5.35	0.0221
5.375	0.0164
5.4	0.0105
5.425	0.0046
5.45	-0.0013
5.475	-0.0072
5.5	-0.013
5.525	-0.018700001
5.55	-0.024299999
5.575	-0.0295
5.6	-0.034599998
5.625	-0.039299999
5.65	-0.043700001
5.675	-0.047599998
5.7	-0.051
5.725	-0.053900002
5.75	-0.056299999
5.775	-0.058200001
5.8	-0.059599998
5.825	-0.060299999
5.85	-0.0605
5.875	-0.060200001
5.9	-0.0595
5.925	-0.058099998
5.95	-0.056
5.975	-0.053200001
6	-0.049799999
6.025	-0.046400002
6.05	-0.042299999
6.075	-0.037900002
6.1	-0.033200001
6.125	-0.0281
6.15	-0.0226
6.175	-0.0169
6.2	-0.0111
6.225	-0.0052
6.25	0.0007
6.275	0.0066
6.3	0.0125
6.325	0.018200001
6.35	0.023799999
6.375	0.0291
6.4	0.034200001
6.425	0.038900002
6.45	0.043299999
6.475	0.047200001
6.5	0.050700001
6.525	0.053700001
6.55	0.056099998
6.575	0.058200001
6.6	0.059599998
6.625	0.060299999
6.65	0.0605
6.675	0.060200001
6.7	0.0595
6.725	0.058200001
6.75	0.056099998
6.775	0.0535
6.8	0.050200001
6.825	0.0465
6.85	0.042400002
6.875	0.038
6.9	0.033200001
6.925	0.0281
6.95	0.022700001
6.975	0.017
7	0.0112
7.025	0.005
7.05	-0.0007
7.075	-0.0066
7.1	-0.0127
7.125	-0.0184
7.15	-0.0239
7.175	-0.029299999
7.2	-0.034299999
7.225	-0.039099998
7.25	-0.043400002
7.275	-0.047299999
7.3	-0.050799999
7.325	-0.053700001
7.35	-0.056200001
7.375	-0.058299999
7.4	-0.059599998
7.425	-0.060299999
7.45	-0.060400002
7.475	-0.060099998
7.5	-0.059400002
7.525	-0.058099998
7.55	-0.056099998
7.575	-0.053299999
7.6	-0.05
7.625	-0.046200001
7.65	-0.042099998
7.675	-0.037700001
7.7	-0.032900002
7.725	-0.027799999
7.75	-0.022299999
7.775	-0.0166
7.8	-0.0108
7.825	-0.0048
7.85	0.0011
7.875	0.007
7.9	0.0128
7.925	0.0185
7.95	0.0241
7.975	0.0295
8	0.0345
8.025	0.039200001
8.05	0.0435
8.075	0.047400002
8.1	0.050900002
8.125	0.053799999
8.15	0.056299999
8.175	0.058299999
8.2	0.059599998
8.225	0.060299999
8.25	0.0605
8.275	0.060299999
8.3	0.0595
8.325	0.058099998
8.35	0.056099998
8.375	0.053400002
8.4	0.05
8.425	0.046299999
8.45	0.042099998
8.475	0.037700001
8.5	0.032900002
8.525	0.0276
8.55	0.0221
8.575	0.0164
8.6	0.0106
8.625	0.0047
8.65	-0.0013
8.675	-0.0072
8.7	-0.013
8.725	-0.018700001
8.75	-0.024200001
8.775	-0.0296
8.8	-0.034599998
8.825	-0.039299999
8.85	-0.043700001
8.875	-0.0475
8.9	-0.050900002
8.925	-0.053900002
8.95	-0.056299999
8.975	-0.058200001
9	-0.0595
9.025	-0.060200001
9.05	-0.060400002
9.075	-0.060200001
9.1	-0.0595
9.125	-0.058200001
9.15	-0.056099998
9.175	-0.053299999
9.2	-0.05
9.225	-0.046200001
9.25	-0.042099998
9.275	-0.037700001
9.3	-0.032900002
9.325	-0.027799999
9.35	-0.022299999
9.375	-0.0166
9.4	-0.0108
9.425	-0.0049
9.45	0.0011
9.475	0.0069
9.5	0.0128
9.525	0.0185
9.55	0.0241
9.575	0.0295
9.6	0.0345
9.625	0.039200001
9.65	0.0435
9.675	0.0475
9.7	0.051
9.725	0.053900002
9.75	0.056400002
9.775	0.058299999
9.8	0.059599998
9.825	0.060299999
9.85	0.0605
9.875	0.060299999
9.9	0.0595
9.925	0.058200001
9.95	0.056099998
9.975	0.053299999
10	0.049900002
10.025	0.046099998
10.05	0.042
10.075	0.0375
10.1	0.032700001
10.125	0.0276
10.15	0.0221
10.175	0.0164
10.2	0.0106
10.225	0.0047
10.25	-0.0013
10.275	-0.0072
10.3	-0.013
10.325	-0.018700001
10.35	-0.024299999
10.375	-0.0296
10.4	-0.034599998
10.425	-0.039299999
10.45	-0.043599998
10.475	-0.0475
10.5	-0.050700001
10.525	-0.053700001
10.55	-0.056099998
10.575	-0.058200001
10.6	-0.0595
10.625	-0.060200001
10.65	-0.060400002
10.675	-0.060099998
10.7	-0.0595
10.725	-0.058200001
10.75	-0.056200001
10.775	-0.053200001
10.8	-0.050099998
10.825	-0.046299999
10.85	-0.042299999
10.875	-0.0375
10.9	-0.033200001
10.925	-0.028299999
10.95	-0.0229
10.975	-0.016700001
11	-0.0112
11.025	-0.0052
11.05	0.0007
11.075	0.0071
11.1	0.0123
11.125	0.0184
11.15	0.024
11.175	0.0295
11.2	0.034400002
11.225	0.039099998
11.25	0.043400002
11.275	0.047200001
11.3	0.050700001
11.325	0.053599998
11.35	0.056099998
11.375	0.058099998
11.4	0.059400002
11.425	0.060200001
11.45	0.060299999
11.475	0.060099998
11.5	0.0595
11.525	0.058099998
11.55	0.056099998
11.575	0.053299999
11.6	0.049900002
11.625	0.046099998
11.65	0.041900002
11.675	0.0375
11.7	0.032700001
11.725	0.0276
11.75	0.022200001
11.775	0.016700001
11.8	0.0106
11.825	0.0047
11.85	-0.0012
11.875	-0.0072
11.9	-0.013
11.925	-0.018700001
11.95	-0.024
11.975	-0.029299999
12	-0.034400002
12.025	-0.039099998
12.05	-0.043400002
12.075	-0.0475
12.1	-0.050799999
12.125	-0.053700001
12.15	-0.056200001
12.175	-0.058200001
12.2	-0.0595
12.225	-0.060200001
12.25	-0.060400002
12.275	-0.060099998
12.3	-0.0595
12.325	-0.058200001
12.35	-0.056099998
12.375	-0.053099998
12.4	-0.049900002
12.425	-0.046099998
12.45	-0.042
12.475	-0.0375
12.5	-0.033
12.525	-0.028
12.55	-0.022299999
12.575	-0.0166
12.6	-0.0107
12.625	-0.0047
12.65	0.0012
12.675	0.0071
12.7	0.0129
12.725	0.0186
12.75	0.0241
12.775	0.0295
12.8	0.034599998
12.825	0.039299999
12.85	0.043599998
12.875	0.047400002
12.9	0.050900002
12.925	0.053799999
12.95	0.056299999
12.975	0.058099998
13	0.059400002
13.025	0.060099998
13.05	0.060299999
13.075	0.060099998
13.1	0.059400002
13.125	0.058099998
13.15	0.056099998
13.175	0.053299999
13.2	0.049900002
13.225	0.046200001
13.25	0.042
13.275	0.037599998
13.3	0.032799999
13.325	0.027700001
13.35	0.022200001
13.375	0.0164
13.4	0.0106
13.425	0.0052
13.45	-0.0007
13.475	-0.0071
13.5	-0.0124
13.525	-0.0181
13.55	-0.023700001
13.575	-0.0295
13.6	-0.034099998
13.625	-0.038900002
13.65	-0.043200001
13.675	-0.047400002
13.7	-0.050599998
13.725	-0.053599998
13.75	-0.056099998
13.775	-0.058200001
13.8	-0.059400002
13.825	-0.060099998
13.85	-0.060299999
13.875	-0.060099998
13.9	-0.0595
13.925	-0.058200001
13.95	-0.056099998
13.975	-0.053200001
14	-0.050099998
14.025	-0.046400002
14.05	-0.042299999
14.075	-0.037299999
14.1	-0.033200001
14.125	-0.028299999
14.15	-0.023
14.175	-0.017200001
14.2	-0.0113
14.225	-0.0053
14.25	0.0006
14.275	0.0065
14.3	0.0123
14.325	0.018
14.35	0.0236
14.375	0.029
14.4	0.034099998
14.425	0.038799999
14.45	0.043099998
14.475	0.047
14.5	0.050599998
14.525	0.053599998
14.55	0.056099998
14.575	0.058099998
14.6	0.059400002
14.625	0.060099998
14.65	0.060299999
14.675	0.060099998
14.7	0.0595
14.725	0.058099998
14.75	0.056099998
14.775	0.053400002
14.8	0.05
14.825	0.046200001
14.85	0.042
14.875	0.037599998
14.9	0.032799999
14.925	0.027700001
14.95	0.022299999
14.975	0.0166
15	0.0108
15.025	0.0049
15.05	-0.0011
15.075	-0.007
15.1	-0.0128
15.125	-0.0186
15.15	-0.0241
15.175	-0.0295
15.2	-0.0345
15.225	-0.039299999
15.25	-0.043599998
15.275	-0.0475
15.3	-0.050900002
15.325	-0.053799999
15.35	-0.056299999
15.375	-0.058200001
15.4	-0.0595
15.425	-0.060299999
15.45	-0.0605
15.475	-0.060200001
15.5	-0.0595
15.525	-0.058200001
15.55	-0.056099998
15.575	-0.053200001
15.6	-0.05
15.625	-0.046200001
15.65	-0.042099998
15.675	-0.0375
15.7	-0.032900002
15.725	-0.027799999
15.75	-0.022299999
15.775	-0.0164
15.8	-0.0108
15.825	-0.0049
15.85	0.001
15.875	0.0072
15.9	0.013
15.925	0.018700001
15.95	0.0241
15.975	0.0296
16	0.034700001
16.025	0.039299999
16.05	0.043700001
16.075	0.0475
16.1	0.051
16.125	0.053900002
16.15	0.056400002
16.175	0.058299999
16.2	0.059599998
16.225	0.060299999
16.25	0.0605
16.275	0.060200001
16.3	0.059400002
16.325	0.058099998
16.35	0.056
16.375	0.053200001
16.4	0.049900002
16.425	0.046200001
16.45	0.042
16.475	0.037799999
16.5	0.032799999
16.525	0.027700001
16.55	0.022299999
16.575	0.0169
16.6	0.0107
16.625	0.0048
16.65	-0.0011
16.675	-0.0067
16.7	-0.0128
16.725	-0.0186
16.75	-0.0241
16.775	-0.029200001
16.8	-0.0345
16.825	-0.039200001
16.85	-0.043599998
16.875	-0.047299999
16.9	-0.050900002
16.925	-0.053799999
16.95	-0.056299999
16.975	-0.058099998
17	-0.0595
17.025	-0.060299999
17.05	-0.0605
17.075	-0.060200001
17.1	-0.0595
17.125	-0.058099998
17.15	-0.056
17.175	-0.053400002
17.2	-0.05
17.225	-0.046200001
17.25	-0.042099998
17.275	-0.038
17.3	-0.032900002
17.325	-0.027799999
17.35	-0.022299999
17.375	-0.017
17.4	-0.0106
17.425	-0.0047
17.45	0.0012
17.475	0.0069
17.5	0.013
17.525	0.018700001
17.55	0.024299999
17.575	0.029299999
17.6	0.034599998
17.625	0.039299999
17.65	0.043599998
17.675	0.047299999
17.7	0.051
17.725	0.053900002
17.75	0.056400002
17.775	0.058200001
17.8	0.0595
17.825	0.060299999
17.85	0.060400002
17.875	0.060200001
17.9	0.0595
17.925	0.058099998
17.95	0.056099998
17.975	0.053400002
18	0.050099998
18.025	0.046400002
18.05	0.042299999
18.075	0.037900002
18.1	0.033
18.125	0.0279
18.15	0.0225
18.175	0.016799999
18.2	0.011
18.225	0.0051
18.25	-0.0008
18.275	-0.0068
18.3	-0.0126
18.325	-0.018299999
18.35	-0.0239
18.375	-0.029200001
18.4	-0.034299999
18.425	-0.039
18.45	-0.043400002
18.475	-0.047299999
18.5	-0.050700001
18.525	-0.053900002
18.55	-0.056400002
18.575	-0.058299999
18.6	-0.059599998
18.625	-0.060299999
18.65	-0.0605
18.675	-0.060200001
18.7	-0.0595
18.725	-0.058099998
18.75	-0.056099998
18.775	-0.053200001
18.8	-0.049900002
18.825	-0.046200001
18.85	-0.042099998
18.875	-0.037599998
18.9	-0.032799999
18.925	-0.0276
18.95	-0.0225
18.975	-0.016799999
19	-0.0106
19.025	-0.0047
19.05	0.0012
19.075	0.0071
19.1	0.013
19.125	0.018700001
19.15	0.024299999
19.175	0.0296
19.2	0.034599998
19.225	0.039299999
19.25	0.043599998
19.275	0.0475
19.3	0.050900002
19.325	0.053900002
19.35	0.056299999
19.375	0.058200001
19.4	0.0595
19.425	0.060200001
19.45	0.060400002
19.475	0.060200001
19.5	0.0595
19.525	0.058200001
19.55	0.056099998
19.575	0.053400002
19.6	0.05
19.625	0.046200001
19.65	0.042099998
19.675	0.037599998
19.7	0.032900002
19.725	0.027799999
19.75	0.022299999
19.775	0.0166
19.8	0.0107
19.825	0.0045
19.85	-0.0012
19.875	-0.007
19.9	-0.0129
19.925	-0.0186
19.95	-0.0241
19.975	-0.029700001
20	-0.034700001
20.025	-0.039400002
20.05	-0.043799999
20.075	-0.047599998
20.1	-0.051
20.125	-0.054
20.15	-0.056400002
20.175	-0.058200001
20.2	-0.059599998
20.225	-0.060299999
20.25	-0.0605
20.275	-0.060200001
20.3	-0.0595
20.325	-0.058200001
20.35	-0.056
20.375	-0.053299999
20.4	-0.049900002
20.425	-0.046099998
20.45	-0.041900002
20.475	-0.0375
20.5	-0.032700001
20.525	-0.0276
20.55	-0.022200001
20.575	-0.0165
20.6	-0.0107
20.625	-0.0047
20.65	0.0012
20.675	0.0071
20.7	0.0129
20.725	0.0186
20.75	0.024200001
20.775	0.0295
20.8	0.034599998
20.825	0.038900002
20.85	0.043200001
20.875	0.047099998
20.9	0.050599998
20.925	0.053599998
20.95	0.056099998
20.975	0.058
21	0.059400002
21.025	0.060200001
21.05	0.060400002
21.075	0.060200001
21.1	0.0595
21.125	0.058099998
21.15	0.056099998
21.175	0.053400002
21.2	0.050200001
21.225	0.046400002
21.25	0.042200001
21.275	0.037700001
21.3	0.033099998
21.325	0.028
21.35	0.0226
21.375	0.016799999
21.4	0.011
21.425	0.0051
21.45	-0.0008
21.475	-0.0068
21.5	-0.0126
21.525	-0.018200001
21.55	-0.023799999
21.575	-0.029200001
21.6	-0.034200001
21.625	-0.039
21.65	-0.043299999
21.675	-0.047299999
21.7	-0.050700001
21.725	-0.053700001
21.75	-0.056200001
21.775	-0.058299999
21.8	-0.059599998
21.825	-0.060299999
21.85	-0.0605
21.875	-0.060200001
21.9	-0.059400002
21.925	-0.058099998
21.95	-0.056
21.975	-0.053299999
22	-0.05
22.025	-0.046299999
22.05	-0.042200001
22.075	-0.037799999
22.1	-0.033
22.125	-0.0279
22.15	-0.0224
22.175	-0.016700001
22.2	-0.0109
22.225	-0.005
22.25	0.0009
22.275	0.0069
22.3	0.0127
22.325	0.0185
22.35	0.0241
22.375	0.0294
22.4	0.034400002
22.425	0.039099998
22.45	0.043400002
22.475	0.047400002
22.5	0.050799999
22.525	0.053799999
22.55	0.056299999
22.575	0.058099998
22.6	0.0595
22.625	0.060200001
22.65	0.060400002
22.675	0.060200001
22.7	0.0595
22.725	0.058099998
22.75	0.056099998
22.775	0.053299999
22.8	0.05
22.825	0.046200001
22.85	0.042
22.875	0.037599998
22.9	0.032799999
22.925	0.027700001
22.95	0.022299999
22.975	0.0166
23	0.0107
23.025	0.0048
23.05	-0.0011
23.075	-0.007
23.1	-0.0128
23.125	-0.0185
23.15	-0.0241
23.175	-0.0294
23.2	-0.0345
23.225	-0.039200001
23.25	-0.043599998
23.275	-0.0475
23.3	-0.051
23.325	-0.053900002
23.35	-0.056400002
23.375	-0.058299999
23.4	-0.059599998
23.425	-0.060299999
23.45	-0.0605
23.475	-0.060200001
23.5	-0.0595
23.525	-0.058099998
23.55	-0.056
23.575	-0.053200001
23.6	-0.049799999
23.625	-0.046099998
23.65	-0.042
23.675	-0.0375
23.7	-0.032700001
23.725	-0.0276
23.75	-0.0221
23.775	-0.0164
23.8	-0.0108
23.825	-0.0049
23.85	0.001
23.875	0.0069
23.9	0.0128
23.925	0.0185
23.95	0.0241
23.975	0.0294
24	0.0345
24.025	0.039200001
24.05	0.0435
24.075	0.047400002
24.1	0.050799999
24.125	0.053799999
24.15	0.056299999
24.175	0.058200001
24.2	0.0595
24.225	0.060200001
24.25	0.060400002
24.275	0.060200001
24.3	0.0595
24.325	0.058200001
24.35	0.056099998
24.375	0.053299999
24.4	0.05
24.425	0.046200001
24.45	0.042099998
24.475	0.0375
24.5	0.032799999
24.525	0.027700001
24.55	0.022200001
24.575	0.0165
24.6	0.0108
24.625	0.0046
24.65	-0.0011
24.675	-0.0071
24.7	-0.0128
24.725	-0.0185
24.75	-0.0241
24.775	-0.0296
24.8	-0.0345
24.825	-0.039299999
24.85	-0.043700001
24.875	-0.0475
24.9	-0.051
24.925	-0.053900002
24.95	-0.056400002
24.975	-0.058299999
25	-0.059599998
25.025	-0.060299999
25.05	-0.0605
25.075	-0.060200001
25.1	-0.0595
25.125	-0.058099998
25.15	-0.056
25.175	-0.053200001
25.2	-0.049799999
25.225	-0.046
25.25	-0.041900002
25.275	-0.037900002
25.3	-0.033099998
25.325	-0.028
25.35	-0.022700001
25.375	-0.017
25.4	-0.0111
25.425	-0.0051
25.45	0.0007
25.475	0.0066
25.5	0.0124
25.525	0.018299999
25.55	0.0239
25.575	0.029200001
25.6	0.034299999
25.625	0.039
25.65	0.043299999
25.675	0.047299999
25.7	0.050700001
25.725	0.053700001
25.75	0.056200001
25.775	0.058200001
25.8	0.0595
25.825	0.060299999
25.85	0.0605
25.875	0.060200001
25.9	0.0595
25.925	0.058099998
25.95	0.056099998
25.975	0.053299999
26	0.05
26.025	0.046200001
26.05	0.042099998
26.075	0.037700001
26.1	0.032900002
26.125	0.027799999
26.15	0.0224
26.175	0.016700001
26.2	0.0107
26.225	0.0046
26.25	-0.0011
26.275	-0.0071
26.3	-0.013
26.325	-0.018700001
26.35	-0.0239
26.375	-0.0296
26.4	-0.034599998
26.425	-0.039299999
26.45	-0.043599998
26.475	-0.0475
26.5	-0.051
26.525	-0.053900002
26.55	-0.056400002
26.575	-0.058299999
26.6	-0.059599998
26.625	-0.060299999
26.65	-0.0605
26.675	-0.060200001
26.7	-0.0595
26.725	-0.058099998
26.75	-0.056099998
26.775	-0.053299999
26.8	-0.05
26.825	-0.046200001
26.85	-0.042099998
26.875	-0.037700001
26.9	-0.032900002
26.925	-0.027700001
26.95	-0.022200001
26.975	-0.0165
27	-0.0107
27.025	-0.0048
27.05	0.0011
27.075	0.0068
27.1	0.0125
27.125	0.0181
27.15	0.0234
27.175	0.0285
27.2	0.033299999
27.225	0.037599998
27.25	0.0415
27.275	0.044900002
27.3	0.047799999
27.325	0.050299999
27.35	0.052200001
27.375	0.0535
27.4	0.054299999
27.425	0.0545
27.45	0.054299999
27.475	0.053599998
27.5	0.0525
27.525	0.050700001
27.55	0.048099998
27.575	0.045099998
27.6	0.041799999
27.625	0.038200001
27.65	0.034400002
27.675	0.0304
27.7	0.0261
27.725	0.021700001
27.75	0.017200001
27.775	0.0126
27.8	0.0079
27.825	0.0034
27.85	-0.001
27.875	-0.0053
27.9	-0.0094
27.925	-0.0133
27.95	-0.016799999
27.975	-0.0201
28	-0.0231
28.025	-0.025700001
28.05	-0.028
28.075	-0.0299
28.1	-0.031299999
28.125	-0.0325
28.15	-0.033200001
28.175	-0.0335
28.2	-0.033599998
28.225	-0.033400002
28.25	-0.032900002
28.275	-0.032099998
28.3	-0.030700001
28.325	-0.029
28.35	-0.027
28.375	-0.0249
28.4	-0.0229
28.425	-0.020700001
28.45	-0.0184
28.475	-0.016
28.5	-0.0135
28.525	-0.0109
28.55	-0.0084
28.575	-0.0061
28.6	-0.0038
28.625	-0.0017
28.65	0.0003
28.675	0.0024
28.7	0.0041
28.725	0.0056
28.75	0.007
28.775	0.0082
28.8	0.0091
28.825	0.0099
28.85	0.0105
28.875	0.0109
28.9	0.0111
28.925	0.0112
28.95	0.0111
28.975	0.011
29	0.0107
29.025	0.0103
29.05	0.0097
29.075	0.009
29.1	0.0082
29.125	0.0074
29.15	0.0067
29.175	0.0059
29.2	0.0052
29.225	0.0044
29.25	0.0037
29.275	0.0029
29.3	0.0023
29.325	0.0017
29.35	0.0013
29.375	0.0008
29.4	0.0004
29.425	0.0001
29.45	-0.0002
29.475	-0.0004
29.5	-0.0005
29.525	-0.0006
29.55	-0.0006
29.575	-0.0006
29.6	-0.0006
29.625	-0.0006
29.65	-0.0006
29.675	-0.0005
29.7	-0.0005
29.725	-0.0004
29.75	-0.0003
29.775	-0.0002
29.8	-0.0002
29.825	-0.0001
29.85	-0.0001
29.875	-0.0001
29.9	-0.0001
29.925	-0.0001
29.95	-0.0001
29.975	-0.0001
30	-0.0001
30.025	-0.0001
30.05	-0.0001
30.075	-0.0001
30.1	0
30.125	0
30.15	0
30.175	0
30.2	0
30.225	0
30.25	0
30.275	0
30.3	0.0001
30.325	0.0001
30.35	0.0001
30.375	0.0001
30.4	0.0001
30.425	0.0001
30.45	0.0001
30.475	0.0001
30.5	0.0001
30.525	0.0001
30.55	0.0001
30.575	0.0001
30.6	0.0001
30.625	0.0001
30.65	0.0001
30.675	0.0001
30.7	0.0001
30.725	0.0001
30.75	0.0001
30.775	0.0001
30.8	0.0001
30.825	0.0001
30.85	0.0001
30.875	0.0001
30.9	0.0001
30.925	0.0001
30.95	0.0001
30.975	0
31	0
31.025	0
31.05	0
31.075	0
31.1	0
31.125	0
31.15	0
31.175	0
31.2	0
31.225	0
31.25	0
31.275	0
31.3	0
31.325	0
31.35	0
31.375	0
31.4	0
31.425	0
31.45	0
31.475	0
31.5	0
31.525	0
31.55	0
31.575	0
31.6	0
31.625	0
31.65	0
31.675	0
31.7	0
31.725	0
31.75	0
31.775	0
31.8	0
31.825	0
31.85	0
31.875	0
31.9	0
31.925	0
31.95	0
31.975	0
32	0
32.025	0
32.05	0
32.075	0
32.1	0
32.125	0
32.15	0
32.175	0
32.2	0
32.225	0
32.25	0
32.275	0
32.3	0
32.325	0
32.35	0
32.375	0
32.4	0
32.425	0
32.45	0
32.475	0
32.5	0
32.525	0
32.55	0
32.575	0
32.6	0
32.625	0
32.65	0
32.675	0
32.7	0
32.725	0
32.75	0
32.775	0
32.8	0
32.825	0
32.85	0
32.875	0
32.9	0
32.925	0
32.95	0
32.975	0
33	0
33.025	0
33.05	0
33.075	0
33.1	0
33.125	0
33.15	0
33.175	0
33.2	0
33.225	0
33.25	0
33.275	0
33.3	0
33.325	0
33.35	0
33.375	0
33.4	0
33.425	0
33.45	0
33.475	0
33.5	0
33.525	0
33.55	0
33.575	0
33.6	0
33.625	0
33.65	0
33.675	0
33.7	0
33.725	0
33.75	0
33.775	0
33.8	0
33.825	0
33.85	0
33.875	0
33.9	0
33.925	0
33.95	0
33.975	0
34	0
34.025	0
34.05	0
34.075	0
34.1	0
34.125	0
34.15	0
34.175	0
34.2	0
34.225	0
34.25	0
34.275	0
34.3	0
34.325	0
34.35	0
34.375	0
34.4	0
34.425	0
34.45	0
34.475	0
34.5	0
34.525	0
34.55	0
34.575	0
34.6	0
34.625	0
34.65	0
34.675	0
34.7	0
34.725	0
34.75	0
34.775	0
34.8	0
34.825	0
34.85	0
34.875	0
34.9	0
34.925	0
34.95	0
34.975	0
35	0
35.025	0
35.05	0
35.075	0
35.1	0
35.125	0
35.15	0
35.175	0
35.2	0
35.225	0
35.25	0
35.275	0
35.3	0
35.325	0
35.35	0
35.375	0
35.4	0
35.425	0
35.45	0
35.475	0
35.5	0
35.525	0
35.55	0
35.575	0
35.6	0
35.625	0
35.65	0
35.675	0
35.7	0
35.725	0
35.75	0
35.775	0
35.8	0
35.825	0
35.85	0
35.875	0
35.9	0
35.925	0
35.95	0
35.975	0
36	0
36.025	0
36.05	0
36.075	0
36.1	0
36.125	0
36.15	0
36.175	0
36.2	0
36.225	0
36.25	0
36.275	0
36.3	0
36.325	0
36.35	0
36.375	0
36.4	0
36.425	0
36.45	0
36.475	0
36.5	0
36.525	0
36.55	0
36.575	0
36.6	0
36.625	0
36.65	0
36.675	0
36.7	0
36.725	0
36.75	0
36.775	0
36.8	0
36.825	0
36.85	0
36.875	0
36.9	0
36.925	0
36.95	0
36.975	0
37	0
37.025	0
37.05	0
37.075	0
37.1	0
37.125	0
37.15	0
37.175	0
37.2	0
37.225	0
37.25	0
37.275	0
37.3	0
37.325	0
37.35	0
37.375	0
37.4	0
37.425	0
37.45	0
37.475	0
37.5	0
37.525	0
37.55	0
37.575	0
37.6	0
37.625	0
37.65	0
37.675	0
37.7	0
37.725	0
37.75	0
37.775	0
37.8	0
37.825	0
37.85	0
37.875	0
37.9	0
37.925	0
37.95	0
37.975	0
38	0
38.025	0
38.05	0
38.075	0
38.1	0
38.125	0
38.15	0
38.175	0
38.2	0
38.225	0
38.25	0
38.275	0
38.3	0
38.325	0
38.35	0
38.375	0
38.4	0
38.425	0
38.45	0
38.475	0
38.5	0
38.525	0
38.55	0
38.575	0
38.6	0
38.625	0
38.65	0
38.675	0
38.7	0
38.725	0
38.75	0
38.775	0
38.8	0
38.825	0
38.85	0
38.875	0
38.9	0
38.925	0
38.95	0
38.975	0
39	0
39.025	0
39.05	0
39.075	0
39.1	0
39.125	0
39.15	0
39.175	0
39.2	0
39.225	0
39.25	0
39.275	0
39.3	0
39.325	0
39.35	0
39.375	0
39.4	0
39.425	0
39.45	0
39.475	0
39.5	0
39.525	0
39.55	0
39.575	0
39.6	0
39.625	0
39.65	0
39.675	0
39.7	0
39.725	0
39.75	0
39.775	0
39.8	0
39.825	0
39.85	0
39.875	0
39.9	0
39.925	0
39.95	0
39.975	0
40	0
40.025	0
40.05	0
40.075	0
40.1	0
40.125	0
40.15	0
40.175	0
40.2	0
40.225	0
40.25	0
40.275	0
40.3	0
40.325	0
40.35	0
40.375	0
40.4	0
40.425	0
40.45	0
40.475	0
40.5	0
40.525	0
40.55	0
40.575	0
40.6	0
40.625	0
40.65	0
40.675	0
40.7	0
40.725	0
40.75	0
40.775	0
40.8	0
40.825	0
40.85	0
40.875	0
40.9	0
40.925	0
40.95	0
40.975	0
41	0
41.025	0
41.05	0
41.075	0
41.1	0
41.125	0
41.15	0
41.175	0
41.2	0
41.225	0
41.25	0
41.275	0
41.3	0
41.325	0
41.35	0
41.375	0
41.4	0
41.425	0
41.45	0
41.475	0
41.5	0
41.525	0
41.55	0
41.575	0
41.6	0
41.625	0
41.65	0
41.675	0
41.7	0
41.725	0
41.75	0
41.775	0
41.8	0
41.825	0
41.85	0
41.875	0
41.9	0
41.925	0
41.95	0
41.975	0
42	0
42.025	0
42.05	0
42.075	0
42.1	0
42.125	0
42.15	0
42.175	0
42.2	0
42.225	0
42.25	0
42.275	0
42.3	0
42.325	0
42.35	0
42.375	0
42.4	0
42.425	0
42.45	0
42.475	0
42.5	0
42.525	0
42.55	0
42.575	0
42.6	0
42.625	0
42.65	0
42.675	0
42.7	0
42.725	0
42.75	0
42.775	0
42.8	0
42.825	0
42.85	0
42.875	0
42.9	0
42.925	0
42.95	0
42.975	0
43	0
43.025	0
43.05	0
43.075	0
43.1	0
43.125	0
43.15	0
43.175	0
43.2	0
43.225	0
43.25	0
43.275	0
43.3	0
43.325	0
43.35	0
43.375	0
43.4	0
43.425	0
43.45	0
43.475	0
43.5	0
43.525	0
43.55	0
43.575	0
43.6	0
43.625	0
43.65	0
43.675	0
43.7	0
43.725	0
43.75	0
43.775	0
43.8	0
43.825	0
43.85	0
43.875	0
43.9	0
43.925	0
43.95	0
43.975	0
44	0
44.025	0
44.05	0
44.075	0
44.1	0
44.125	0
44.15	0
44.175	0
44.2	0
44.225	0
44.25	0
44.275	0
44.3	0
44.325	0
44.35	0
44.375	0
44.4	0
44.425	0
44.45	0
44.475	0
44.5	0
44.525	0
44.55	0
44.575	0
44.6	0
44.625	0
44.65	0
44.675	0
44.7	0
44.725	0
44.75	0
44.775	0
44.8	0
44.825	0
44.85	0
44.875	0
44.9	0
44.925	0
44.95	0
44.975	0
45	0
45.025	0
45.05	0
45.075	0
45.1	0
45.125	0
45.15	0
45.175	0
45.2	0
45.225	0
45.25	0
45.275	0
45.3	0
45.325	0
45.35	0
45.375	0
45.4	0
45.425	0
45.45	0
45.475	0
45.5	0
45.525	0
45.55	0
45.575	0
45.6	0
45.625	0
45.65	0
45.675	0
45.7	0
45.725	0
45.75	0
45.775	0
45.8	0
45.825	0
45.85	0
45.875	0
45.9	0
45.925	0
45.95	0
45.975	0
46	0
46.025	0
46.05	0
46.075	0
46.1	0
46.125	0
46.15	0
46.175	0
46.2	0
46.225	0
46.25	0
46.275	0
46.3	0
46.325	0
46.35	0
46.375	0
46.4	0
46.425	0
46.45	0
46.475	0
46.5	0
46.525	0
46.55	0
46.575	0
46.6	0
46.625	0
46.65	0
46.675	0
46.7	0
46.725	0
46.75	0
46.775	0
46.8	0
46.825	0
46.85	0
46.875	0
46.9	0
46.925	0
46.95	0
46.975	0
47	0
47.025	0
47.05	0
47.075	0
47.1	0
47.125	0
47.15	0
47.175	0
47.2	0
47.225	0
47.25	0
47.275	0
47.3	0
47.325	0
47.35	0
47.375	0
47.4	0
47.425	0
47.45	0
47.475	0
47.5	0
47.525	0
47.55	0
47.575	0
47.6	0
47.625	0
47.65	0
47.675	0
47.7	0
47.725	0
47.75	0
47.775	0
47.8	0
47.825	0
47.85	0
47.875	0
47.9	0
47.925	0
47.95	0
47.975	0
48	0
48.025	0
48.05	0
48.075	0
48.1	0
48.125	0
48.15	0
48.175	0
48.2	0
48.225	0
48.25	0
48.275	0
48.3	0
48.325	0
48.35	0
48.375	0
48.4	0
48.425	0
48.45	0
48.475	0
48.5	0
48.525	0
48.55	0
48.575	0
48.6	0
48.625	0
48.65	0
48.675	0
48.7	0
48.725	0
48.75	0
48.775	0
48.8	0
48.825	0
48.85	0
48.875	0
48.9	0
48.925	0
48.95	0
48.975	0
49	0
49.025	0
49.05	0
49.075	0
49.1	0
49.125	0
49.15	0
49.175	0
49.2	0
49.225	0
49.25	0
49.275	0
49.3	0
49.325	0
49.35	0
49.375	0
49.4	0
49.425	0
49.45	0
49.475	0
49.5	0
49.525	0
49.55	0
49.575	0
35.48	0
35.5	0
35.52	0
35.54	0
35.56	0
35.58	0
35.6	0
35.62	0
